C00030718|72762|2017|70|70|1
C00030718|61822|2017|6|6|1
C00030718|47670|2017|20|20|1
C00030718|47670|2017|9|29|2
C00030718|07083|2017|7|7|1
C00030718|85367|2017|250|250|1
C00630954|66215|2017|100|100|1
C00504704|76241|2017|2700|2700|1
C00213512|97128|2017|5|5|1
C00213512|87501|2017|25|25|1
C00213512|98199|2017|25|25|1
C00213512|97403|2017|5|5|1
C00610451|85142|2017|2700|2700|1
C00610451|85142|2017|2700|5400|2
C00610451|60045|2017|2700|2700|1
C00610451|85295|2017|1000|1000|1
C00610451|85253|2017|2700|2700|1
C00610451|85234|2017|2700|2700|1
C00610451|85234|2017|2700|5400|2
C00610451|85213|2017|500|500|1
C00610451|85274|2017|2700|2700|1
C00610451|81611|2017|2700|2700|1
C00610451|85253|2017|2700|5400|2
C00610451|91012|2017|1500|1500|1
C00610451|85016|2017|2700|2700|1
C00610451|89169|2017|2700|2700|1
C00610451|85142|2017|2700|8100|3
C00610451|27539|2017|500|500|1
C00610451|85253|2017|2700|8100|3
C00610451|60045|2017|500|3200|2
C00610451|85253|2017|2700|10800|4
C00610451|85282|2017|500|500|1
C00610451|72221|2017|2700|2700|1
C00610451|85142|2017|2700|8600|4
C00610451|85253|2017|2700|13500|5
C00610451|85296|2017|500|500|1
C00610451|85297|2017|2700|2700|1
C00610451|89169|2017|2700|5400|2
C00610451|85253|2017|2700|16200|6
C00610451|53082|2017|2700|2700|1
C00610451|83001|2017|2000|2000|1
C00610451|83001|2017|2000|4000|2
C00610451|85142|2017|2700|11300|5
C00610451|85299|2017|1000|1000|1
C00610451|85234|2017|2700|6400|3
C00610451|19106|2017|2700|2700|1
C00610451|85004|2017|500|500|1
C00610451|22207|2017|1000|1000|1
C00610451|85296|2017|500|1000|2
C00610451|85286|2017|1000|1000|1
C00610451|22314|2017|500|500|1
C00610451|85142|2017|2700|12300|6
C00610451|44089|2017|500|500|1
C00610451|81611|2017|2700|5400|2
C00610451|85234|2017|1000|6600|4
C00610451|33483|2017|1000|1000|1
C00608489|44089|2017|1000|1000|1
C00631945|33483|2017|500|500|1
C00631945|72221|2017|2700|2700|1
C00540443|98136|2017|50|50|1
C00476317|72762|2017|500|500|1
C00540443|98136|2017|50|130|2
C00581843|81611|2017|2700|2700|1
C00581843|81611|2017|2700|5400|2
C00030718|85367|2017|250|500|2
C00030718|85367|2017|250|510|3
C00365536|97403|2017|5|5|1
C00365536|97403|2017|5|10|2
C00365536|97403|2017|5|15|3
C00365536|97403|2017|5|20|4
C00365536|97403|2017|5|30|5
C00365536|97403|2017|5|55|6
C00365536|97403|2017|5|60|7
C00365536|97403|2017|5|65|8
C00365536|97403|2017|5|70|9
C00365536|97403|2017|5|75|10
C00365536|97403|2017|5|80|11
C00365536|97403|2017|5|85|12
C00365536|97403|2017|5|90|13
C00365536|97403|2017|5|95|14
C00365536|97403|2017|5|100|15
C00365536|97403|2017|5|105|16
C00365536|97403|2017|5|110|17
C00365536|97403|2017|5|115|18
C00365536|97403|2017|5|120|19
C00365536|97403|2017|5|125|20
C00365536|97403|2017|5|130|21
C00365536|97403|2017|5|135|22
C00365536|97403|2017|5|140|23
C00365536|97403|2017|5|145|24
C00633610|60045|2017|2700|2700|1
C00326801|97403|2017|5|5|1
C00326801|97403|2017|5|10|2
C00326801|97403|2017|5|15|3
C00326801|97403|2017|5|20|4
C00326801|97128|2017|5|5|1
C00326801|97128|2017|5|10|2
C00326801|97128|2017|5|15|3
C00326801|97128|2017|5|20|4
C00494229|85253|2017|5400|5400|1
C00494229|85253|2017|2700|8100|2
C00494229|72221|2017|5400|5400|1
C00494229|72221|2017|2700|8100|2
C00193433|98199|2017|35|35|1
C00193433|98199|2017|35|85|2
C00552851|22314|2017|500|500|1
C00552851|89169|2017|5000|5000|1
C00552851|83001|2017|5000|5000|1
C00552851|60045|2017|5000|5000|1
C00448696|89169|2017|5000|5000|1
C00492785|77441|2017|50|50|1
C00492785|37083|2017|700|700|1
C00492785|37083|2017|700|1400|2
C00492785|37083|2017|700|2100|3
C00492785|37215|2017|100|100|1
C00492785|37215|2017|100|200|2
C00492785|75948|2017|200|200|1
C00448696|91012|2017|5000|5000|1
C00448696|80203|2017|15|15|1
C00492785|12208|2017|100|100|1
C00492785|12208|2017|100|200|2
C00492785|77568|2017|100|100|1
C00492785|12208|2017|100|250|3
C00492785|12208|2017|50|300|4
C00492785|12208|2017|100|400|5
C00492785|12208|2017|100|500|6
C00492785|79710|2017|2500|2500|1
C00492785|97222|2017|100|100|1
C00492785|97222|2017|100|200|2
C00492785|80203|2017|10|10|1
C00448696|80203|2017|10|25|2
C00448696|80203|2017|15|40|3
C00492785|12208|2017|50|525|7
C00492785|12208|2017|50|550|8
C00492785|80203|2017|10|20|2
C00492785|76015|2017|1000|1000|1
C00492785|75225|2017|1000|1000|1
C00492785|33982|2017|200|200|1
C00492785|77568|2017|100|200|2
C00492785|37215|2017|100|300|3
C00492785|37215|2017|100|400|4
C00492785|92325|2017|100|100|1
C00492785|37215|2017|100|500|5
C00492785|37215|2017|100|600|6
C00492785|03064|2017|50|50|1
C00492785|37215|2017|100|700|7
C00492785|37215|2017|100|800|8
C00492785|80203|2017|10|30|3
C00492785|11701|2017|100|100|1
C00492785|75948|2017|200|2200|2
C00492785|03064|2017|25|75|2
C00492785|03064|2017|25|100|3
C00492785|77568|2017|100|300|3
C00492785|92325|2017|50|150|2
C00492785|92325|2017|50|200|3
C00492785|33982|2017|200|400|2
C00492785|86005|2017|50|50|1
C00492785|12208|2017|50|650|9
C00492785|12208|2017|100|750|10
C00492785|77568|2017|100|400|4
C00492785|80203|2017|10|40|4
C00492785|86005|2017|50|100|2
C00492785|86005|2017|50|150|3
C00492785|86005|2017|50|200|4
C00492785|75948|2017|200|2400|3
C00492785|11701|2017|100|200|2
C00492785|77441|2017|50|100|2
C00492785|37215|2017|100|900|9
C00492785|37215|2017|100|1000|10
C00492785|12208|2017|50|758|11
C00492785|77568|2017|100|500|5
C00492785|12208|2017|50|763|12
C00492785|12208|2017|50|768|13
C00492785|12208|2017|25|793|14
C00492785|33982|2017|200|407|3
C00492785|77568|2017|100|600|6
C00492785|37215|2017|100|1100|11
C00492785|37083|2017|700|2800|4
C00492785|72641|2017|100|100|1
C00492785|97222|2017|100|312|3
C00492785|86005|2017|50|300|5
C00492785|77568|2017|100|700|7
C00492785|77441|2017|50|150|3
C00492785|75948|2017|200|2600|4
C00492785|76015|2017|100|1100|2
C00492785|12208|2017|25|818|15
C00492785|12208|2017|25|868|16
C00492785|03064|2017|25|125|4
C00492785|77568|2017|100|800|8
C00492785|37167|2017|100|100|1
C00492785|77024|2017|100|100|1
C00492785|11701|2017|100|300|3
C00492785|11701|2017|100|400|4
C00492785|92325|2017|50|300|4
C00492785|86005|2017|50|325|6
C00492785|37215|2017|100|1200|12
C00492785|86005|2017|50|425|7
C00492785|86005|2017|50|525|8
C00492785|75225|2017|100|1100|2
C00492785|37215|2017|100|1300|13
C00492785|37215|2017|100|1400|14
C00492785|80203|2017|10|50|5
C00492785|12208|2017|25|893|17
C00492785|12208|2017|25|918|18
C00492785|80203|2017|10|65|6
C00492785|77019|2017|1000|1000|1
C00492785|20008|2017|100|100|1
C00492785|92325|2017|100|400|5
C00492785|92325|2017|100|500|6
C00492785|92325|2017|100|600|7
C00492785|92325|2017|100|700|8
C00492785|77568|2017|100|900|9
C00492785|86005|2017|50|625|9
C00492785|86005|2017|50|725|10
C00492785|76015|2017|1000|3800|3
C00492785|97222|2017|100|337|4
C00492785|77379|2017|25|25|1
C00492785|77568|2017|100|950|10
C00492785|37167|2017|100|5300|2
C00492785|77568|2017|100|1050|11
C00492785|37083|2017|700|3500|5
C00492785|80203|2017|10|100|7
C00492785|77019|2017|1000|3700|2
C00492785|11701|2017|100|500|5
C00492785|03064|2017|25|150|5
C00492785|75225|2017|1000|2100|3
C00492785|80203|2017|10|125|8
C00492785|79710|2017|2500|5200|2
C00492785|77568|2017|100|1150|12
C00492785|77441|2017|50|200|4
C00492785|86005|2017|50|750|11
C00492785|37083|2017|700|4200|6
C00492785|80203|2017|10|140|9
C00030718|85653|2017|9|9|1
C00030718|86005|2017|210|210|1
C00460378|76241|2017|43800|43800|1
C00631614|30328|2017|900|900|1
C00631614|30328|2017|600|1500|2
C00010603|98136|2017|50|50|1
C00010603|98136|2017|25|75|2
C00010603|98136|2017|30|105|3
C00010603|87109|2017|300|300|1
C00608695|89169|2017|2700|2700|1
C00010603|98136|2017|30|155|4
C00010603|98136|2017|30|180|5
C00010603|98136|2017|30|280|6
C00027466|02067|2017|25|25|1
C00027466|66062|2017|25|25|1
C00027466|86303|2017|25|25|1
C00027466|54001|2017|100|100|1
C00027466|10163|2017|25|25|1
C00027466|14560|2017|25|25|1
C00027466|78261|2017|25|25|1
C00636084|60045|2017|2000000|2000000|1
C00618371|77040|2017|75|75|1
C00618371|77040|2017|50|125|2
C00618371|77040|2017|75|225|3
C00618371|77040|2017|75|409|4
C00618371|77040|2017|100|509|5
C00618371|77040|2017|100|693|6
C00618371|77024|2017|225|225|1
C00618371|77057|2017|75|75|1
C00618371|77040|2017|75|768|7
C00618371|77040|2017|75|818|8
C00618371|77040|2017|75|918|9
C00398644|60616|2017|250|250|1
C00548289|89169|2017|2700|2700|1
C00548289|77019|2017|1000|1000|1
C00608935|85253|2017|5400|5400|1
C00570960|98136|2017|100|100|1
C00543926|89169|2017|2700|2700|1
C00631945|33483|2017|500|1500|2
C00631945|33483|2017|500|2000|3
C00010603|98136|2017|25|305|7
C00010603|98136|2017|30|355|8
C00010603|98136|2017|30|405|9
C00010603|98136|2017|30|430|10
C00010603|98136|2017|30|490|11
C00503094|89169|2017|2700|2700|1
C00633362|72221|2017|2700|2700|1
C00633362|33483|2017|2700|2700|1
C00633362|60045|2017|2700|2700|1
C00633362|33483|2017|1000|3700|2
C00193433|98199|2017|35|120|3
C00600718|89169|2017|2700|2700|1
C00600718|89169|2017|2700|5400|2
C00494930|80203|2017|25|25|1
C00494930|80203|2017|25|50|2
C00494930|80203|2017|25|75|3
C00365536|97403|2017|5|150|25
C00365536|97403|2017|5|155|26
C00365536|97403|2017|5|160|27
C00365536|97403|2017|5|165|28
C00365536|97403|2017|5|170|29
C00365536|97403|2017|5|175|30
C00365536|97403|2017|5|180|31
C00365536|97403|2017|5|185|32
C00365536|97403|2017|5|190|33
C00365536|97403|2017|5|195|34
C00365536|97403|2017|5|200|35
C00365536|97403|2017|5|205|36
C00365536|97403|2017|5|210|37
C00365536|97403|2017|5|215|38
C00365536|97403|2017|5|220|39
C00365536|97403|2017|5|225|40
C00365536|97403|2017|5|230|41
C00365536|97403|2017|5|235|42
C00365536|97403|2017|5|240|43
C00365536|97403|2017|5|245|44
C00365536|97403|2017|5|250|45
C00365536|97403|2017|5|255|46
C00365536|97403|2017|5|260|47
C00365536|97403|2017|5|263|48
C00365536|97403|2017|5|268|49
C00365536|97403|2017|5|273|50
C00365536|97403|2017|5|278|51
C00365536|97403|2017|5|283|52
C00365536|97403|2017|5|288|53
C00365536|97403|2017|5|293|54
C00365536|97403|2017|5|298|55
C00365536|97403|2017|5|303|56
C00365536|97403|2017|5|308|57
C00365536|97403|2017|5|313|58
C00365536|97403|2017|5|318|59
C00365536|97403|2017|5|323|60
C00365536|97403|2017|5|328|61
C00365536|97403|2017|5|333|62
C00365536|97403|2017|5|338|63
C00365536|97403|2017|5|343|64
C00365536|97403|2017|5|348|65
C00365536|97403|2017|5|353|66
C00365536|97403|2017|5|358|67
C00365536|97403|2017|5|363|68
C00365536|97403|2017|5|368|69
C00365536|97403|2017|5|373|70
C00365536|97403|2017|5|378|71
C00365536|97403|2017|5|383|72
C00365536|97403|2017|5|388|73
C00365536|97403|2017|5|393|74
C00365536|97403|2017|5|398|75
C00365536|97403|2017|5|403|76
C00365536|97403|2017|5|408|77
C00365536|97403|2017|5|413|78
C00365536|97403|2017|5|418|79
C00365536|97403|2017|5|423|80
C00365536|97403|2017|5|428|81
C00629311|19041|2017|2500|2500|1
C00532572|81611|2017|5400|5400|1
C00542423|37167|2017|5000|5000|1
C00487470|60045|2017|1500000|1500000|1
C00633610|60045|2017|2700|5400|2
C00633610|44089|2017|2700|2700|1
C00633610|44089|2017|1300|4000|2
C00633610|83001|2017|300|300|1
C00633610|22314|2017|500|500|1
C00298000|60045|2017|25000|25000|1
C00524181|80203|2017|55|55|1
C00524181|22314|2017|5000|5000|1
C00524181|22314|2017|500|5500|2
C00524181|27539|2017|2000|2000|1
C00524181|80203|2017|55|155|2
C00524181|80203|2017|55|205|3
C00524181|80203|2017|50|255|4
C00524181|80203|2017|50|305|5
C00524181|80203|2017|50|330|6
C00552851|44089|2017|1000|1000|1
C00552851|89169|2017|5000|10400|2
C00552851|60045|2017|5000|10400|2
C00448696|80203|2017|15|65|4
C00448696|80203|2017|15|80|5
C00448696|80203|2017|15|95|6
C00448696|22314|2017|250|250|1
C00542464|85253|2017|10000|10000|1
C00636084|60045|2017|1500000|3500000|2
C00464149|44089|2017|1000|1000|1
C00547976|22207|2017|500|500|1
C00540302|77019|2017|2700|2700|1
C00570960|98136|2017|100|200|2
C00560599|80203|2017|100|100|1
C00560599|80203|2017|25|125|2
C00560599|80203|2017|35|160|3
C00560599|80203|2017|35|195|4
C00027466|75482|2017|25|25|1
C00193433|98199|2017|35|155|4
C00608489|44089|2017|1000|2000|2
C00544767|10003|2017|25|25|1
C00506931|22207|2017|500|500|1
C00506931|22207|2017|500|1000|2
C00540443|98136|2017|50|180|3
C00459255|22207|2017|1000|1000|1
C00627794|03064|2017|50|50|1
C00000935|33330|2017|2500|2500|1
C00540443|98136|2017|50|260|4
C00030718|00725|2017|20|20|1
C00365536|97403|2017|5|433|82
C00365536|97403|2017|5|438|83
C00365536|97403|2017|5|443|84
C00365536|97403|2017|5|448|85
C00365536|97403|2017|5|453|86
C00365536|97403|2017|5|458|87
C00365536|97403|2017|5|463|88
C00365536|97403|2017|5|468|89
C00365536|97403|2017|5|473|90
C00365536|97403|2017|5|478|91
C00365536|97403|2017|5|483|92
C00365536|97403|2017|5|488|93
C00365536|97403|2017|5|493|94
C00365536|97403|2017|5|498|95
C00365536|98136|2017|50|50|1
C00365536|97403|2017|5|503|96
C00365536|97403|2017|5|508|97
C00365536|97403|2017|5|513|98
C00365536|97403|2017|5|518|99
C00365536|97403|2017|5|523|100
C00365536|97403|2017|5|528|101
C00365536|97403|2017|5|533|102
C00365536|97403|2017|5|538|103
C00401224|98199|2017|0|0|1
C00401224|98199|2017|0|1|2
C00401224|98199|2017|1|2|3
C00401224|98199|2017|0|2|4
C00401224|98199|2017|1|3|5
C00401224|98199|2017|1|4|6
C00401224|98199|2017|1|5|7
C00401224|98199|2017|1|6|8
C00401224|98199|2017|1|11|9
C00401224|98199|2017|1|12|10
C00401224|98199|2017|1|13|11
C00401224|98199|2017|1|14|12
C00401224|98199|2017|1|15|13
C00401224|98199|2017|1|16|14
C00401224|98199|2017|1|17|15
C00401224|97128|2017|0|0|1
C00401224|97128|2017|0|0|2
C00401224|97128|2017|0|0|3
C00401224|97128|2017|0|0|4
C00401224|97128|2017|0|0|5
C00401224|98199|2017|1|19|16
C00401224|98199|2017|1|21|17
C00401224|98199|2017|1|21|18
C00401224|98199|2017|1|22|19
C00401224|98199|2017|1|24|20
C00401224|98199|2017|1|25|21
C00401224|97403|2017|1|1|1
C00401224|97403|2017|1|2|2
C00401224|97403|2017|1|3|3
C00401224|97403|2017|1|5|4
C00401224|97403|2017|1|6|5
C00401224|97403|2017|1|7|6
C00401224|97403|2017|1|8|7
C00401224|97403|2017|1|9|8
C00401224|97403|2017|1|10|9
C00401224|97403|2017|1|11|10
C00401224|97403|2017|1|12|11
C00401224|97403|2017|1|13|12
C00401224|97403|2017|1|14|13
C00401224|97403|2017|1|15|14
C00401224|97403|2017|1|16|15
C00401224|97403|2017|1|17|16
C00401224|97403|2017|1|19|17
C00401224|97403|2017|1|20|18
C00401224|97403|2017|1|21|19
C00401224|97403|2017|1|22|20
C00401224|97403|2017|1|23|21
C00401224|97403|2017|1|24|22
C00401224|97403|2017|1|25|23
C00401224|97403|2017|1|26|24
C00401224|97403|2017|1|27|25
C00401224|97403|2017|1|28|26
C00401224|97128|2017|0|1|6
C00401224|97128|2017|0|1|7
C00401224|97128|2017|0|1|8
C00401224|97403|2017|1|29|27
C00401224|97128|2017|0|1|9
C00401224|97128|2017|0|1|10
C00401224|97128|2017|0|1|11
C00401224|97128|2017|0|1|12
C00401224|97128|2017|0|1|13
C00401224|97128|2017|0|1|14
C00401224|97128|2017|0|1|15
C00401224|97128|2017|0|1|16
C00401224|97403|2017|1|30|28
C00401224|97128|2017|0|1|17
C00401224|97128|2017|0|1|18
C00401224|97128|2017|0|1|19
C00401224|97403|2017|1|31|29
C00401224|97128|2017|0|1|20
C00401224|97128|2017|0|1|21
C00401224|97128|2017|0|1|22
C00401224|97128|2017|0|1|23
C00401224|97128|2017|0|1|24
C00401224|97403|2017|1|33|30
C00401224|97403|2017|1|34|31
C00401224|97403|2017|1|36|32
C00401224|97403|2017|1|37|33
C00401224|97403|2017|1|38|34
C00401224|97128|2017|0|1|25
C00401224|97128|2017|0|2|26
C00401224|97128|2017|0|2|27
C00401224|97128|2017|0|2|28
C00401224|97128|2017|0|2|29
C00401224|97403|2017|1|39|35
C00401224|97403|2017|1|40|36
C00401224|97403|2017|1|41|37
C00401224|97403|2017|1|42|38
C00401224|97128|2017|0|2|30
C00401224|97128|2017|0|2|31
C00401224|97403|2017|1|43|39
C00401224|97403|2017|1|44|40
C00401224|97403|2017|1|45|41
C00401224|97403|2017|1|46|42
C00401224|97128|2017|0|2|32
C00401224|97128|2017|0|2|33
C00401224|97128|2017|0|2|34
C00401224|97128|2017|0|2|35
C00401224|97128|2017|0|2|36
C00401224|97128|2017|0|3|37
C00401224|97403|2017|1|47|43
C00401224|97403|2017|1|48|44
C00401224|97128|2017|0|3|38
C00401224|97128|2017|0|4|39
C00401224|97128|2017|0|4|40
C00401224|97128|2017|0|4|41
C00401224|97128|2017|0|4|42
C00401224|97128|2017|0|4|43
C00401224|97128|2017|0|4|44
C00401224|97128|2017|0|4|45
C00401224|97128|2017|0|4|46
C00401224|97128|2017|0|5|47
C00401224|97128|2017|0|5|48
C00401224|97128|2017|0|5|49
C00401224|97128|2017|0|5|50
C00401224|97128|2017|0|5|51
C00401224|97128|2017|0|6|52
C00401224|97128|2017|0|6|53
C00401224|97128|2017|0|6|54
C00401224|97128|2017|0|7|55
C00401224|97128|2017|0|7|56
C00401224|97128|2017|0|7|57
C00401224|97128|2017|0|7|58
C00401224|97128|2017|0|7|59
C00401224|97128|2017|0|7|60
C00401224|97128|2017|0|7|61
C00401224|97128|2017|0|7|62
C00401224|97128|2017|0|7|63
C00401224|97128|2017|0|7|64
C00401224|97128|2017|0|7|65
C00401224|97128|2017|0|7|66
C00401224|97128|2017|0|7|67
C00401224|97128|2017|0|7|68
C00401224|97128|2017|0|7|69
C00401224|97128|2017|0|7|70
C00401224|97128|2017|0|7|71
C00401224|97128|2017|0|7|72
C00401224|97128|2017|0|7|73
C00401224|97128|2017|0|7|74
C00401224|97128|2017|0|7|75
C00401224|97128|2017|0|7|76
C00401224|97128|2017|0|7|77
C00401224|97128|2017|0|7|78
C00401224|97128|2017|0|7|79
C00401224|97128|2017|0|7|80
C00401224|97128|2017|0|7|81
C00401224|97128|2017|0|7|82
C00401224|97128|2017|0|8|83
C00401224|97128|2017|0|8|84
C00401224|97128|2017|0|8|85
C00401224|97128|2017|0|8|86
C00401224|97128|2017|0|8|87
C00401224|97128|2017|0|8|88
C00401224|97128|2017|0|8|89
C00401224|97128|2017|0|8|90
C00401224|97403|2017|1|49|45
C00401224|97403|2017|1|50|46
C00401224|97403|2017|1|51|47
C00401224|97403|2017|1|52|48
C00401224|97403|2017|1|53|49
C00401224|97403|2017|1|54|50
C00401224|97403|2017|1|55|51
C00401224|97403|2017|1|57|52
C00401224|97403|2017|1|58|53
C00401224|97403|2017|1|59|54
C00401224|97403|2017|1|60|55
C00401224|97403|2017|1|61|56
C00401224|97403|2017|1|62|57
C00401224|97403|2017|1|63|58
C00401224|97403|2017|1|64|59
C00401224|97403|2017|1|65|60
C00401224|97403|2017|1|66|61
C00401224|97403|2017|1|67|62
C00401224|97403|2017|1|68|63
C00401224|97403|2017|1|69|64
C00401224|97403|2017|1|70|65
C00401224|97403|2017|1|71|66
C00401224|97403|2017|1|72|67
C00401224|97403|2017|1|73|68
C00401224|97403|2017|1|74|69
C00401224|97403|2017|1|75|70
C00401224|97403|2017|1|76|71
C00401224|97403|2017|1|78|72
C00401224|97403|2017|1|79|73
C00401224|97403|2017|1|80|74
C00401224|97403|2017|1|81|75
C00401224|97403|2017|1|82|76
C00401224|97403|2017|1|87|77
C00401224|97403|2017|1|88|78
C00401224|97403|2017|1|89|79
C00401224|97403|2017|1|90|80
C00401224|97403|2017|1|91|81
C00401224|97403|2017|1|92|82
C00401224|97403|2017|1|94|83
C00401224|97403|2017|1|95|84
C00401224|97403|2017|1|96|85
C00401224|97403|2017|1|97|86
C00401224|97403|2017|1|98|87
C00401224|97403|2017|1|99|88
C00401224|97403|2017|1|100|89
C00401224|97403|2017|1|101|90
C00401224|97403|2017|1|102|91
C00401224|97403|2017|1|103|92
C00401224|97403|2017|1|104|93
C00401224|97403|2017|1|105|94
C00401224|97403|2017|1|106|95
C00401224|97403|2017|1|107|96
C00401224|97128|2017|0|8|91
C00401224|97128|2017|0|8|92
C00401224|97128|2017|0|9|93
C00401224|97128|2017|0|9|94
C00401224|97128|2017|0|9|95
C00401224|97128|2017|0|9|96
C00401224|97128|2017|0|9|97
C00401224|97128|2017|0|9|98
C00401224|97128|2017|0|9|99
C00401224|97128|2017|0|9|100
C00401224|97128|2017|0|9|101
C00401224|97128|2017|0|9|102
C00401224|97128|2017|0|9|103
C00401224|97128|2017|0|9|104
C00401224|97128|2017|0|9|105
C00401224|97128|2017|0|9|106
C00401224|97128|2017|0|9|107
C00401224|97128|2017|0|9|108
C00401224|97128|2017|0|9|109
C00401224|97128|2017|0|9|110
C00401224|97128|2017|0|9|111
C00401224|97128|2017|0|9|112
C00401224|97128|2017|0|9|113
C00401224|97128|2017|0|9|114
C00401224|97128|2017|0|9|115
C00401224|97128|2017|0|11|116
C00401224|97128|2017|0|11|117
C00401224|97128|2017|0|11|118
C00401224|97128|2017|0|11|119
C00401224|97128|2017|0|11|120
C00401224|97128|2017|0|11|121
C00401224|97128|2017|0|11|122
C00401224|97128|2017|0|11|123
C00401224|97128|2017|0|11|124
C00401224|97128|2017|0|11|125
C00401224|97128|2017|0|11|126
C00401224|97128|2017|0|11|127
C00401224|97128|2017|0|11|128
C00401224|97128|2017|0|11|129
C00401224|97128|2017|0|11|130
C00401224|97128|2017|0|11|131
C00401224|97128|2017|0|11|132
C00401224|97128|2017|0|11|133
C00401224|97128|2017|0|11|134
C00401224|97128|2017|0|11|135
C00401224|97128|2017|0|11|136
C00401224|97128|2017|0|11|137
C00401224|97128|2017|0|11|138
C00401224|97128|2017|0|11|139
C00401224|97128|2017|0|11|140
C00401224|97128|2017|0|11|141
C00401224|97128|2017|0|11|142
C00401224|97128|2017|0|11|143
C00401224|97128|2017|0|11|144
C00401224|97128|2017|0|11|145
C00401224|97128|2017|0|13|146
C00401224|97128|2017|0|13|147
C00401224|97128|2017|0|13|148
C00401224|97128|2017|0|13|149
C00401224|97128|2017|0|13|150
C00401224|97128|2017|0|13|151
C00401224|97128|2017|0|13|152
C00401224|97128|2017|0|13|153
C00401224|97128|2017|0|13|154
C00401224|97128|2017|0|13|155
C00401224|97128|2017|0|13|156
C00401224|97128|2017|0|13|157
C00401224|97128|2017|0|13|158
C00401224|97128|2017|0|13|159
C00401224|97128|2017|0|13|160
C00401224|97128|2017|0|13|161
C00401224|97128|2017|0|13|162
C00401224|97128|2017|0|13|163
C00401224|97128|2017|0|13|164
C00401224|97128|2017|0|18|165
C00401224|97128|2017|0|19|166
C00401224|97128|2017|0|19|167
C00401224|97128|2017|0|19|168
C00401224|97128|2017|0|19|169
C00401224|97128|2017|0|21|170
C00401224|97128|2017|0|21|171
C00401224|97128|2017|0|22|172
C00401224|97128|2017|0|24|173
C00401224|97128|2017|0|24|174
C00401224|97128|2017|0|24|175
C00401224|97128|2017|0|24|176
C00401224|97128|2017|0|24|177
C00401224|97128|2017|0|24|178
C00401224|97128|2017|0|24|179
C00401224|97128|2017|0|24|180
C00401224|97128|2017|0|24|181
C00401224|97128|2017|0|24|182
C00401224|97128|2017|0|24|183
C00401224|97128|2017|0|24|184
C00401224|97128|2017|0|26|185
C00401224|97128|2017|0|28|186
C00401224|97128|2017|0|28|187
C00193433|98199|2017|35|190|5
C00635243|81611|2017|1000|1000|1
C00448696|80203|2017|15|115|7
C00448696|80203|2017|15|130|8
C00448696|80203|2017|15|140|9
C00448696|80203|2017|15|150|10
C00448696|80203|2017|15|160|11
C00448696|80203|2017|15|185|12
C00448696|80203|2017|15|200|13
C00448696|22314|2017|250|1250|2
C00448696|80203|2017|15|225|14
C00448696|22314|2017|500|1750|3
C00401224|97403|2017|1|108|97
C00401224|97403|2017|1|110|98
C00401224|97403|2017|1|111|99
C00401224|97403|2017|1|112|100
C00401224|97403|2017|1|113|101
C00401224|97403|2017|1|114|102
C00401224|97403|2017|1|115|103
C00401224|97403|2017|1|116|104
C00401224|97403|2017|1|117|105
C00401224|97403|2017|1|118|106
C00401224|97403|2017|1|119|107
C00401224|97403|2017|1|120|108
C00401224|97403|2017|1|121|109
C00401224|97403|2017|1|122|110
C00341396|98136|2017|40|40|1
C00341396|98136|2017|40|80|2
C00341396|98136|2017|40|120|3
C00341396|98136|2017|40|160|4
C00431304|98136|2017|80|80|1
C00431304|98136|2017|50|130|2
C00431304|98136|2017|50|180|3
C00431304|98136|2017|50|260|4
C00431304|98136|2017|50|310|5
C00431304|98136|2017|50|390|6
C00431304|98136|2017|50|490|7
C00431304|98136|2017|50|540|8
C00431304|98136|2017|50|590|9
C00431304|98136|2017|50|690|10
C00193433|98136|2017|113|113|1
C00193433|98136|2017|113|226|2
C00193433|98199|2017|35|225|6
C00416131|98136|2017|100|100|1
C00416131|98136|2017|100|200|2
C00416131|98136|2017|100|325|3
C00486845|98199|2017|20|20|1
C00401224|97128|2017|0|128|188
C00401224|98199|2017|1|27|22
C00401224|98199|2017|1|28|23
C00401224|98199|2017|1|29|24
C00401224|98199|2017|1|30|25
C00401224|98199|2017|1|30|26
C00401224|98199|2017|1|31|27
C00401224|98199|2017|1|32|28
C00401224|98199|2017|1|33|29
C00401224|98199|2017|1|34|30
C00401224|98199|2017|1|35|31
C00401224|98199|2017|1|36|32
C00401224|98199|2017|1|36|33
C00401224|98199|2017|1|37|34
C00401224|98199|2017|1|38|35
C00401224|98199|2017|1|39|36
C00401224|98199|2017|1|40|37
C00401224|98199|2017|1|42|38
C00401224|98199|2017|1|42|39
C00401224|98199|2017|1|42|40
C00401224|98199|2017|1|44|41
C00401224|97403|2017|1|123|111
C00401224|97403|2017|1|124|112
C00401224|97403|2017|1|125|113
C00401224|97403|2017|1|126|114
C00401224|97403|2017|1|127|115
C00401224|97403|2017|1|128|116
C00074450|72221|2017|10000|10000|1
C00003418|77040|2017|100|100|1
C00401224|97128|2017|0|128|189
C00401224|97128|2017|0|128|190
C00401224|97128|2017|0|128|191
C00401224|97128|2017|0|128|192
C00401224|97128|2017|0|128|193
C00401224|97128|2017|0|128|194
C00401224|97128|2017|0|129|195
C00401224|97128|2017|0|129|196
C00401224|97128|2017|0|129|197
C00401224|97128|2017|0|129|198
C00401224|97128|2017|0|129|199
C00401224|97128|2017|0|129|200
C00401224|97128|2017|0|129|201
C00401224|97128|2017|0|130|202
C00401224|97128|2017|0|130|203
C00401224|97128|2017|0|130|204
C00401224|97128|2017|0|130|205
C00401224|97128|2017|0|130|206
C00401224|97128|2017|0|130|207
C00401224|97128|2017|0|130|208
C00401224|97128|2017|0|130|209
C00401224|97128|2017|0|130|210
C00401224|97128|2017|0|130|211
C00401224|97128|2017|0|130|212
C00401224|97128|2017|0|130|213
C00401224|97128|2017|0|130|214
C00401224|97128|2017|0|130|215
C00401224|97128|2017|0|130|216
C00401224|97128|2017|0|130|217
C00401224|97128|2017|0|130|218
C00401224|97128|2017|0|131|219
C00401224|97128|2017|0|131|220
C00401224|97128|2017|0|131|221
C00401224|97128|2017|0|131|222
C00401224|97128|2017|0|131|223
C00401224|97128|2017|0|131|224
C00401224|97128|2017|0|131|225
C00401224|97128|2017|0|131|226
C00401224|97128|2017|0|132|227
C00401224|97128|2017|0|132|228
C00401224|97128|2017|0|132|229
C00401224|97128|2017|0|134|230
C00401224|97128|2017|0|134|231
C00401224|97128|2017|0|135|232
C00401224|97128|2017|0|135|233
C00401224|97128|2017|0|135|234
C00401224|97128|2017|0|135|235
C00401224|97128|2017|0|135|236
C00401224|97128|2017|0|135|237
C00401224|97128|2017|0|135|238
C00401224|97128|2017|0|135|239
C00401224|97128|2017|0|136|240
C00401224|97128|2017|0|136|241
C00401224|97128|2017|0|136|242
C00401224|97128|2017|0|136|243
C00401224|97128|2017|0|136|244
C00401224|97128|2017|0|136|245
C00401224|97128|2017|0|136|246
C00401224|97128|2017|0|136|247
C00401224|97128|2017|0|136|248
C00401224|97128|2017|0|136|249
C00401224|97128|2017|0|136|250
C00401224|97128|2017|0|136|251
C00401224|97128|2017|0|136|252
C00401224|97403|2017|1|129|117
C00401224|97403|2017|1|130|118
C00410803|97128|2017|0|0|1
C00410803|97128|2017|0|1000|2
C00027466|71263|2017|15|15|1
C00003418|37083|2017|1000|1000|1
C00401224|97403|2017|1|131|119
C00401224|97403|2017|1|132|120
C00401224|97403|2017|1|133|121
C00401224|97403|2017|1|134|122
C00401224|97403|2017|1|135|123
C00401224|97403|2017|1|136|124
C00401224|97403|2017|1|137|125
C00401224|97403|2017|1|138|126
C00401224|97403|2017|1|138|127
C00401224|97403|2017|1|139|128
C00401224|97403|2017|1|140|129
C00401224|97403|2017|1|141|130
C00401224|97403|2017|1|142|131
C00401224|97403|2017|1|143|132
C00401224|97403|2017|1|144|133
C00401224|97403|2017|1|145|134
C00401224|97403|2017|1|146|135
C00401224|97403|2017|1|147|136
C00401224|97403|2017|1|148|137
C00401224|97403|2017|1|149|138
C00401224|97403|2017|1|150|139
C00401224|97403|2017|1|151|140
C00401224|97403|2017|1|152|141
C00401224|97403|2017|1|153|142
C00401224|97403|2017|1|154|143
C00401224|97403|2017|1|155|144
C00401224|97403|2017|1|156|145
C00401224|97403|2017|1|157|146
C00401224|97403|2017|1|158|147
C00401224|97403|2017|1|159|148
C00401224|97403|2017|1|161|149
C00401224|97403|2017|1|162|150
C00401224|97403|2017|1|163|151
C00401224|97403|2017|1|164|152
C00401224|97403|2017|1|165|153
C00401224|97403|2017|1|166|154
C00401224|97403|2017|1|167|155
C00578187|81611|2017|20000|20000|1
C00365536|97403|2017|5|543|104
C00365536|97403|2017|5|548|105
C00365536|97403|2017|5|558|106
C00365536|97403|2017|5|563|107
C00365536|97403|2017|5|568|108
C00365536|97403|2017|5|573|109
C00365536|97403|2017|5|578|110
C00365536|97403|2017|5|583|111
C00365536|97403|2017|5|588|112
C00365536|97403|2017|5|593|113
C00365536|97403|2017|5|598|114
C00365536|97403|2017|5|608|115
C00365536|97403|2017|5|613|116
C00365536|97403|2017|5|618|117
C00365536|97403|2017|5|623|118
C00365536|97403|2017|5|628|119
C00365536|97403|2017|5|633|120
C00365536|97403|2017|5|638|121
C00365536|98136|2017|50|100|2
C00580100|46228|2017|500|500|1
C00580100|46228|2017|500|1000|2
C00580100|46228|2017|500|1500|3
C00580100|46228|2017|500|2000|4
C00580100|46228|2017|500|2500|5
C00580100|46228|2017|500|3000|6
C00580100|46228|2017|500|3500|7
C00580100|46228|2017|500|4000|8
C00580100|46228|2017|500|4300|9
C00580100|46228|2017|500|4800|10
C00580100|46228|2017|500|5300|11
C00540443|97403|2017|30|30|1
C00540443|97128|2017|85|85|1
C00010603|98136|2017|30|690|12
C00572594|22314|2017|1250|1250|1
C00572594|22314|2017|1250|2500|2
C00592956|27539|2017|2700|2700|1
C00592956|44089|2017|2700|2700|1
C00030718|86005|2017|30|240|2
C00030718|86005|2017|30|269|3
C00030718|07083|2017|7|74|2
C00027466|33409|2017|30|30|1
C00030718|37027|2017|7|7|1
C00010603|98136|2017|50|890|13
C00010603|98136|2017|50|990|14
C00416594|27539|2017|2700|2700|1
C00578187|81611|2017|20000|50000|2
C00639401|80203|2017|25|25|1
C00639401|80203|2017|15|40|2
C00639401|80203|2017|20|60|3
C00639401|80203|2017|20|80|4
C00639401|80203|2017|20|95|5
C00639401|80203|2017|15|110|6
C00639401|80203|2017|15|120|7
C00639401|80203|2017|15|130|8
C00639401|80203|2017|15|140|9
C00639401|80203|2017|15|155|10
C00639401|80203|2017|15|180|11
C00639401|80203|2017|15|200|12
C00639401|80203|2017|15|215|13
C00639401|80203|2017|15|240|14
C00639401|80203|2017|15|265|15
C00639401|80203|2017|15|280|16
C00639401|80203|2017|15|290|17
C00639401|80203|2017|15|300|18
C00639401|80203|2017|15|310|19
C00639401|80203|2017|15|325|20
C00639401|80203|2017|15|335|21
C00639401|80203|2017|15|350|22
C00639401|80203|2017|15|375|23
C00639401|80203|2017|15|400|24
C00639401|80203|2017|15|410|25
C00647339|22207|2017|1000|1000|1
C00641431|85253|2017|2700|2700|1
C00641431|85253|2017|2700|5400|2
C00641431|85253|2017|2700|8100|3
C00641431|85253|2017|2700|10800|4
C00030718|61822|2017|6|12|2
C00630954|66215|2017|100|1100|2
C00610451|85253|2017|2700|18900|7
C00610451|85253|2017|2700|21600|8
C00610451|85299|2017|1000|2000|2
C00610451|22207|2017|500|1500|2
C00610451|85253|2017|2700|24300|9
C00610451|85274|2017|2700|5400|2
C00610451|89169|2017|2700|8100|3
C00503094|60045|2017|2700|2700|1
C00648766|60045|2017|2700|2700|1
C00458125|37027|2017|500|500|1
C00552547|81611|2017|2700|2700|1
C00552547|81611|2017|2700|5400|2
C00618371|52807|2017|100|100|1
C00618371|77040|2017|75|953|10
C00618371|77040|2017|75|1137|11
C00618371|77040|2017|75|1212|12
C00618371|77040|2017|75|1262|13
C00618371|01527|2017|35|35|1
C00618371|01527|2017|25|60|2
C00618371|01527|2017|35|95|3
C00618371|01527|2017|25|120|4
C00618371|01527|2017|35|155|5
C00010603|98136|2017|50|1050|15
C00543926|60045|2017|5400|5400|1
C00543926|60045|2017|2700|8100|2
C00464149|60045|2017|2700|2700|1
C00038505|72221|2017|10000|10000|1
C00492785|77019|2017|2700|6400|3
C00492785|11701|2017|100|600|6
C00492785|03064|2017|25|200|6
C00492785|03064|2017|25|250|7
C00492785|77568|2017|100|1250|13
C00492785|97222|2017|100|437|5
C00492785|97222|2017|100|537|6
C00492785|77568|2017|100|1350|14
C00492785|77568|2017|100|1450|15
C00492785|77441|2017|50|250|5
C00492785|77441|2017|50|300|6
C00492785|11701|2017|100|700|7
C00492785|11701|2017|100|800|8
C00492785|03064|2017|25|275|8
C00492785|03064|2017|25|300|9
C00492785|77019|2017|1000|7100|4
C00492785|12208|2017|25|1018|19
C00492785|12208|2017|25|1118|20
C00492785|75948|2017|200|2800|5
C00492785|77441|2017|50|350|7
C00492785|77441|2017|50|400|8
C00492785|12208|2017|25|1218|21
C00492785|12208|2017|25|1318|22
C00492785|37083|2017|700|4900|7
C00492785|77568|2017|100|1550|16
C00492785|37215|2017|100|1500|15
C00492785|77568|2017|100|1650|17
C00492785|11701|2017|100|900|9
C00492785|77568|2017|100|1750|18
C00492785|77568|2017|100|1850|19
C00492785|92325|2017|100|800|9
C00492785|92325|2017|100|900|10
C00492785|92325|2017|100|1000|11
C00492785|92325|2017|100|1100|12
C00492785|77568|2017|100|1950|20
C00492785|77568|2017|100|2050|21
C00492785|77040|2017|100|100|1
C00492785|03064|2017|25|325|10
C00492785|03064|2017|25|350|11
C00492785|75948|2017|200|3000|6
C00492785|37083|2017|700|5600|8
C00492785|37083|2017|700|6150|9
C00492785|90094|2017|20|20|1
C00492785|80203|2017|10|165|10
C00492785|92325|2017|100|1150|13
C00492785|92325|2017|100|1250|14
C00492785|80203|2017|10|190|11
C00492785|80203|2017|10|215|12
C00492785|37215|2017|100|1600|16
C00492785|37215|2017|100|1700|17
C00492785|12208|2017|25|1343|23
C00492785|77568|2017|100|2150|22
C00492785|77568|2017|100|2250|23
C00492785|37215|2017|100|1800|18
C00492785|37215|2017|100|1900|19
C00492785|12208|2017|25|1368|24
C00492785|12208|2017|25|1393|25
C00492785|12208|2017|25|1418|26
C00492785|80203|2017|15|230|13
C00492785|03064|2017|25|375|12
C00492785|03064|2017|25|400|13
C00492785|75225|2017|1000|3100|4
C00492785|75225|2017|1000|3450|5
C00492785|37215|2017|100|2000|20
C00492785|37215|2017|100|2100|21
C00492785|80203|2017|15|255|14
C00492785|77568|2017|100|2350|24
C00492785|77568|2017|100|2450|25
C00492785|77441|2017|50|450|9
C00492785|11701|2017|100|1000|10
C00492785|11701|2017|100|1100|11
C00492785|76036|2017|50|50|1
C00492785|77441|2017|50|500|10
C00492785|37215|2017|100|2200|22
C00492785|37215|2017|100|2300|23
C00492785|77441|2017|50|550|11
C00492785|77568|2017|100|2550|26
C00492785|77568|2017|100|2650|27
C00492785|03064|2017|25|425|14
C00492785|03064|2017|25|450|15
C00492785|33982|2017|200|607|4
C00492785|37215|2017|100|2400|24
C00492785|11701|2017|100|1200|12
C00492785|11701|2017|100|1300|13
C00492785|80203|2017|15|290|15
C00492785|80203|2017|15|325|16
C00492785|12208|2017|25|1518|27
C00492785|12208|2017|25|1618|28
C00492785|77568|2017|100|2750|28
C00492785|77040|2017|25|125|2
C00492785|80203|2017|15|340|17
C00492785|77441|2017|50|600|12
C00492785|75225|2017|650|4100|6
C00492785|37083|2017|700|7700|10
C00631945|80203|2017|25|25|1
C00631945|81611|2017|500|500|1
C00631945|80203|2017|25|100|2
C00631945|44089|2017|500|500|1
C00631945|80203|2017|50|150|3
C00631945|80203|2017|50|325|4
C00631945|80203|2017|50|375|5
C00633362|80203|2017|50|50|1
C00633362|80203|2017|50|150|2
C00633362|80203|2017|50|175|3
C00633362|80203|2017|50|225|4
C00633362|80203|2017|50|275|5
C00633362|80203|2017|50|325|6
C00633362|80203|2017|50|375|7
C00633362|80203|2017|50|400|8
C00633362|80203|2017|50|425|9
C00633362|80203|2017|50|475|10
C00633362|80203|2017|50|525|11
C00633362|80203|2017|50|575|12
C00633362|80203|2017|50|675|13
C00633362|80203|2017|50|725|14
C00633362|80203|2017|50|775|15
C00633362|80203|2017|50|825|16
C00633362|80203|2017|50|925|17
C00633362|80203|2017|50|950|18
C00633362|80203|2017|50|1000|19
C00633362|80203|2017|50|1050|20
C00633362|80203|2017|50|1075|21
C00464339|85253|2017|2700|2700|1
C00464339|85253|2017|2700|5400|2
C00464339|60045|2017|2700|2700|1
C00464073|60045|2017|2700|2700|1
C00464073|60045|2017|2700|5400|2
C00495952|98136|2017|75|75|1
C00495952|98136|2017|50|125|2
C00042366|97128|2017|8|8|1
C00042366|97128|2017|5|13|2
C00042366|97128|2017|5|18|3
C00639401|75225|2017|2700|2700|1
C00639401|75225|2017|2700|5400|2
C00639401|80203|2017|15|425|26
C00500843|98136|2017|80|80|1
C00500843|98136|2017|50|130|2
C00500843|45309|2017|50|50|1
C00104752|22207|2017|2700|2700|1
C00083428|60045|2017|2700|2700|1
C00083428|53082|2017|1000|1000|1
C00652727|72221|2017|2700|2700|1
C00431056|98136|2017|80|80|1
C00401224|97128|2017|0|136|253
C00401224|97128|2017|0|136|254
C00401224|97128|2017|0|136|255
C00401224|97128|2017|0|136|256
C00401224|97128|2017|0|136|257
C00401224|97128|2017|0|136|258
C00401224|97128|2017|0|136|259
C00401224|97128|2017|0|136|260
C00401224|97128|2017|0|136|261
C00401224|97128|2017|0|136|262
C00401224|97128|2017|0|136|263
C00401224|97128|2017|0|136|264
C00401224|97128|2017|0|136|265
C00401224|97128|2017|0|136|266
C00401224|97128|2017|0|136|267
C00401224|97128|2017|0|136|268
C00401224|97128|2017|0|136|269
C00401224|97128|2017|0|136|270
C00401224|97128|2017|0|136|271
C00401224|97128|2017|0|136|272
C00401224|97128|2017|0|136|273
C00401224|97128|2017|0|136|274
C00401224|97128|2017|0|136|275
C00401224|97128|2017|0|136|276
C00401224|97128|2017|0|136|277
C00401224|97128|2017|0|136|278
C00401224|97128|2017|0|136|279
C00401224|97128|2017|0|136|280
C00401224|97128|2017|0|136|281
C00401224|97128|2017|0|136|282
C00401224|97128|2017|0|136|283
C00401224|97128|2017|0|136|284
C00401224|97128|2017|0|136|285
C00401224|97128|2017|0|136|286
C00401224|97128|2017|0|136|287
C00401224|97128|2017|0|136|288
C00401224|97128|2017|0|136|289
C00401224|97128|2017|0|136|290
C00401224|97128|2017|0|136|291
C00401224|97128|2017|0|136|292
C00401224|97128|2017|0|236|293
C00401224|97128|2017|0|236|294
C00401224|97128|2017|0|236|295
C00401224|97128|2017|0|236|296
C00401224|97128|2017|0|237|297
C00401224|97128|2017|0|237|298
C00401224|97128|2017|0|237|299
C00401224|97128|2017|0|237|300
C00401224|97128|2017|0|237|301
C00401224|97128|2017|0|237|302
C00401224|97128|2017|0|237|303
C00401224|97128|2017|0|237|304
C00401224|97128|2017|0|237|305
C00401224|97128|2017|0|237|306
C00401224|97128|2017|0|237|307
C00401224|97128|2017|0|237|308
C00401224|97128|2017|0|237|309
C00401224|97128|2017|0|237|310
C00401224|97128|2017|0|237|311
C00401224|97128|2017|0|237|312
C00401224|97128|2017|0|237|313
C00401224|97128|2017|0|237|314
C00401224|97128|2017|0|237|315
C00401224|97128|2017|0|237|316
C00401224|97128|2017|0|237|317
C00401224|97128|2017|0|237|318
C00401224|97128|2017|0|237|319
C00401224|97128|2017|0|237|320
C00401224|97128|2017|0|237|321
C00401224|97128|2017|0|237|322
C00401224|97128|2017|0|237|323
C00401224|97128|2017|0|238|324
C00401224|97128|2017|0|238|325
C00401224|97128|2017|0|238|326
C00401224|97128|2017|0|238|327
C00401224|97128|2017|0|238|328
C00401224|97128|2017|0|239|329
C00437277|98136|2017|50|50|1
C00437277|98136|2017|50|100|2
C00264697|97403|2017|25|25|1
C00401224|97403|2017|1|168|156
C00401224|97403|2017|1|170|157
C00401224|97403|2017|1|171|158
C00401224|97403|2017|1|172|159
C00401224|97403|2017|1|173|160
C00401224|97128|2017|0|239|330
C00401224|97403|2017|1|174|161
C00401224|97403|2017|1|175|162
C00401224|97403|2017|1|176|163
C00401224|97403|2017|1|178|164
C00401224|97128|2017|0|239|331
C00401224|97128|2017|0|239|332
C00401224|97403|2017|1|179|165
C00401224|97128|2017|0|239|333
C00401224|97128|2017|0|239|334
C00401224|97128|2017|0|240|335
C00401224|97128|2017|0|240|336
C00401224|97128|2017|0|240|337
C00401224|97128|2017|0|240|338
C00401224|97128|2017|0|241|339
C00401224|97128|2017|0|241|340
C00401224|97128|2017|0|241|341
C00401224|97403|2017|1|180|166
C00401224|97128|2017|0|241|342
C00401224|97128|2017|0|241|343
C00401224|97128|2017|0|241|344
C00401224|97128|2017|0|241|345
C00401224|97128|2017|0|242|346
C00401224|97128|2017|0|242|347
C00401224|97128|2017|0|242|348
C00401224|97128|2017|0|243|349
C00401224|97128|2017|0|243|350
C00401224|97403|2017|1|182|167
C00401224|97128|2017|0|243|351
C00401224|97128|2017|0|243|352
C00401224|97128|2017|0|243|353
C00401224|97128|2017|0|243|354
C00401224|97128|2017|0|243|355
C00401224|97128|2017|0|243|356
C00401224|97128|2017|0|243|357
C00401224|97403|2017|1|183|168
C00401224|97128|2017|0|243|358
C00401224|97128|2017|0|243|359
C00401224|97403|2017|1|184|169
C00401224|97128|2017|0|243|360
C00401224|97128|2017|0|243|361
C00401224|97403|2017|1|185|170
C00401224|97403|2017|1|187|171
C00647339|22207|2017|500|1500|2
C00651075|60045|2017|5400|5400|1
C00651075|60045|2017|2700|8100|2
C00257642|98199|2017|15|15|1
C00257642|98199|2017|10|25|2
C00257642|98199|2017|10|35|3
C00257642|98199|2017|10|50|4
C00257642|98199|2017|10|60|5
C00257642|98199|2017|10|75|6
C00637611|77019|2017|1000|1000|1
C00581843|81611|2017|2700|8100|3
C00581843|81611|2017|2700|10800|4
C00581843|77019|2017|250|250|1
C00581843|77019|2017|250|1250|2
C00473827|60045|2017|2700|2700|1
C00473827|60045|2017|2700|10800|2
C00473827|60045|2017|2700|13500|3
C00473827|60045|2017|2700|16200|4
C00473827|60045|2017|2700|24300|5
C00473827|60045|2017|2700|27000|6
C00473827|60045|2017|2700|35100|7
C00473827|60045|2017|2700|43200|8
C00401224|97403|2017|1|188|172
C00401224|97403|2017|1|189|173
C00193433|98136|2017|113|301|3
C00193433|98199|2017|35|260|7
C00592956|89169|2017|2700|2700|1
C00592956|19106|2017|2700|2700|1
C00492785|77568|2017|100|2850|29
C00492785|77568|2017|100|2950|30
C00492785|77568|2017|100|3050|31
C00492785|77568|2017|100|3150|32
C00492785|12208|2017|25|1643|29
C00492785|12208|2017|25|1668|30
C00492785|77568|2017|100|3250|33
C00492785|92325|2017|100|1300|15
C00492785|92325|2017|100|1350|16
C00492785|12208|2017|25|1768|31
C00492785|12208|2017|25|1868|32
C00492785|77040|2017|50|175|3
C00492785|92325|2017|100|1400|17
C00492785|77568|2017|100|3350|34
C00492785|12208|2017|25|1880|33
C00492785|12208|2017|25|1892|34
C00492785|12208|2017|25|1904|35
C00492785|12208|2017|25|1916|36
C00492785|12208|2017|25|1941|37
C00492785|33982|2017|200|807|5
C00492785|92325|2017|100|1500|18
C00492785|92325|2017|100|1600|19
C00492785|75948|2017|200|3200|7
C00492785|12208|2017|25|1966|38
C00492785|76015|2017|500|4300|4
C00492785|75948|2017|200|3400|8
C00492785|92325|2017|100|1700|20
C00492785|92325|2017|100|1800|21
C00492785|92325|2017|100|1900|22
C00492785|92325|2017|100|2000|23
C00492785|80203|2017|15|355|18
C00492785|80203|2017|15|370|19
C00492785|77568|2017|100|3450|35
C00492785|77568|2017|100|3550|36
C00492785|77441|2017|50|650|13
C00492785|77441|2017|50|700|14
C00492785|80203|2017|15|395|20
C00492785|80203|2017|15|420|21
C00492785|03064|2017|25|475|16
C00492785|03064|2017|25|500|17
C00492785|80203|2017|15|435|22
C00492785|80203|2017|15|445|23
C00492785|92325|2017|100|2100|24
C00492785|92325|2017|100|2200|25
C00492785|12208|2017|25|2066|39
C00492785|80203|2017|15|470|24
C00492785|80203|2017|15|495|25
C00492785|77568|2017|100|3650|37
C00492785|77568|2017|100|3750|38
C00492785|77441|2017|50|750|15
C00492785|77441|2017|50|800|16
C00492785|11701|2017|100|1400|14
C00492785|11701|2017|100|1500|15
C00492785|77441|2017|50|850|17
C00492785|11701|2017|100|1600|16
C00492785|11701|2017|100|1700|17
C00492785|33982|2017|200|1007|6
C00492785|77568|2017|100|3850|39
C00492785|77568|2017|100|3950|40
C00492785|92325|2017|100|2450|26
C00492785|92325|2017|100|2700|27
C00492785|77441|2017|50|900|18
C00492785|77441|2017|50|950|19
C00492785|92325|2017|100|2800|28
C00492785|92325|2017|100|2900|29
C00492785|12208|2017|25|2091|40
C00492785|12208|2017|25|2116|41
C00492785|80203|2017|15|520|26
C00492785|80203|2017|15|545|27
C00492785|77441|2017|50|1000|20
C00492785|77441|2017|50|1050|21
C00492785|11701|2017|100|1800|18
C00492785|11701|2017|100|1900|19
C00492785|77040|2017|50|225|4
C00492785|80203|2017|15|560|28
C00492785|77040|2017|50|275|5
C00492785|77040|2017|50|325|6
C00492785|03064|2017|25|525|18
C00492785|92325|2017|100|3150|30
C00492785|92325|2017|100|3400|31
C00492785|12208|2017|25|2146|42
C00492785|03064|2017|25|550|19
C00492785|12208|2017|25|2246|43
C00492785|92325|2017|100|3650|32
C00492785|11701|2017|100|2000|20
C00492785|12208|2017|25|2276|44
C00492785|72641|2017|100|300|2
C00492785|72641|2017|200|500|3
C00492785|92325|2017|100|4150|33
C00492785|92325|2017|100|4400|34
C00492785|11701|2017|100|2100|21
C00492785|11701|2017|100|2200|22
C00492785|92325|2017|100|4500|35
C00492785|12208|2017|25|2376|45
C00492785|12208|2017|25|2476|46
C00492785|77441|2017|50|1100|22
C00492785|11701|2017|100|2300|23
C00492785|11701|2017|100|2400|24
C00492785|37083|2017|700|7950|11
C00492785|92325|2017|100|4550|36
C00492785|92325|2017|100|4600|37
C00492785|77568|2017|100|4050|41
C00492785|77568|2017|100|4150|42
C00492785|80203|2017|15|570|29
C00492785|80203|2017|15|580|30
C00492785|80203|2017|15|590|31
C00492785|60045|2017|5200|5200|1
C00641431|85286|2017|1000|1000|1
C00467522|60045|2017|2700|2700|1
C00467522|60045|2017|2700|5400|2
C00462523|80203|2017|20|20|1
C00462523|80203|2017|15|35|2
C00462523|80203|2017|15|50|3
C00608703|85253|2017|2700|2700|1
C00608703|85253|2017|2700|5400|2
C00540443|97128|2017|85|170|2
C00540443|98136|2017|80|360|5
C00632026|46037|2017|200|200|1
C00632026|46901|2017|1000|1000|1
C00632026|46979|2017|1000|1000|1
C00632026|46989|2017|100|100|1
C00632026|46989|2017|100|200|2
C00632026|46037|2017|200|400|2
C00632026|46037|2017|200|2100|3
C00632026|46901|2017|1000|2000|2
C00632026|46979|2017|1000|2000|2
C00633255|87112|2017|1000|1000|1
C00633255|87047|2017|1000|1000|1
C00653410|81611|2017|2700|2700|1
C00365536|97403|2017|5|643|122
C00365536|97403|2017|5|648|123
C00365536|97403|2017|5|653|124
C00365536|97403|2017|5|658|125
C00365536|97403|2017|5|663|126
C00365536|97403|2017|5|668|127
C00365536|97403|2017|5|673|128
C00365536|97403|2017|5|678|129
C00365536|97403|2017|5|683|130
C00365536|97403|2017|5|688|131
C00365536|97403|2017|5|693|132
C00365536|98136|2017|50|150|3
C00401224|97128|2017|0|243|362
C00401224|97128|2017|0|243|363
C00401224|97128|2017|0|243|364
C00401224|97128|2017|0|243|365
C00401224|97128|2017|0|243|366
C00401224|97128|2017|0|243|367
C00401224|97128|2017|0|243|368
C00401224|97128|2017|0|243|369
C00401224|97128|2017|0|243|370
C00401224|97128|2017|0|243|371
C00401224|97128|2017|0|243|372
C00401224|97128|2017|0|243|373
C00401224|97128|2017|0|243|374
C00401224|97128|2017|0|243|375
C00401224|97128|2017|0|243|376
C00401224|97128|2017|0|243|377
C00401224|97128|2017|0|243|378
C00401224|97128|2017|0|243|379
C00401224|97128|2017|0|243|380
C00401224|97128|2017|0|243|381
C00401224|97128|2017|0|243|382
C00401224|97128|2017|0|243|383
C00401224|97128|2017|0|243|384
C00401224|97128|2017|0|243|385
C00401224|97128|2017|0|243|386
C00401224|97128|2017|0|243|387
C00401224|97128|2017|0|243|388
C00401224|97128|2017|0|243|389
C00401224|97128|2017|0|243|390
C00401224|97128|2017|0|243|391
C00401224|97128|2017|0|243|392
C00401224|97128|2017|0|243|393
C00401224|97128|2017|0|245|394
C00401224|97128|2017|0|245|395
C00401224|97128|2017|0|245|396
C00401224|97128|2017|0|245|397
C00401224|97128|2017|0|245|398
C00401224|97128|2017|0|245|399
C00401224|97128|2017|0|245|400
C00401224|97128|2017|0|246|401
C00401224|97128|2017|0|246|402
C00401224|97128|2017|0|246|403
C00401224|97128|2017|0|246|404
C00401224|97128|2017|0|246|405
C00401224|97128|2017|0|246|406
C00401224|97128|2017|0|246|407
C00401224|97128|2017|0|246|408
C00401224|97128|2017|0|246|409
C00401224|97128|2017|0|246|410
C00401224|97128|2017|0|246|411
C00401224|97128|2017|0|246|412
C00401224|97128|2017|0|246|413
C00401224|97128|2017|0|246|414
C00401224|97128|2017|0|246|415
C00401224|97128|2017|0|246|416
C00401224|97128|2017|0|246|417
C00401224|97128|2017|0|246|418
C00401224|97128|2017|0|247|419
C00401224|97128|2017|0|247|420
C00401224|97128|2017|0|247|421
C00401224|97128|2017|0|247|422
C00401224|97128|2017|0|247|423
C00401224|97128|2017|0|247|424
C00401224|97128|2017|0|248|425
C00401224|97128|2017|0|250|426
C00401224|97128|2017|0|250|427
C00401224|97403|2017|1|190|174
C00401224|97403|2017|1|192|175
C00401224|97403|2017|1|193|176
C00401224|97403|2017|1|194|177
C00401224|97403|2017|1|196|178
C00401224|97403|2017|1|198|179
C00401224|97403|2017|1|199|180
C00401224|97403|2017|1|200|181
C00401224|97403|2017|1|201|182
C00401224|97403|2017|1|202|183
C00401224|97403|2017|1|204|184
C00401224|97403|2017|1|205|185
C00401224|97403|2017|1|206|186
C00401224|97403|2017|1|208|187
C00401224|97403|2017|1|209|188
C00401224|97403|2017|1|210|189
C00401224|97403|2017|1|211|190
C00401224|97403|2017|1|212|191
C00401224|97403|2017|1|213|192
C00401224|97403|2017|1|214|193
C00401224|97403|2017|1|215|194
C00401224|97403|2017|1|216|195
C00401224|97403|2017|1|217|196
C00401224|97403|2017|1|218|197
C00401224|98199|2017|1|46|42
C00401224|98199|2017|1|47|43
C00401224|97128|2017|0|250|428
C00401224|97128|2017|0|250|429
C00401224|97128|2017|0|250|430
C00401224|97128|2017|0|250|431
C00401224|97128|2017|0|250|432
C00401224|97128|2017|0|250|433
C00401224|97128|2017|0|250|434
C00401224|97128|2017|0|250|435
C00401224|97128|2017|0|250|436
C00401224|97128|2017|0|250|437
C00401224|97128|2017|0|250|438
C00401224|97128|2017|0|250|439
C00401224|97128|2017|0|250|440
C00401224|97128|2017|0|250|441
C00401224|97128|2017|0|250|442
C00401224|97128|2017|0|250|443
C00401224|97128|2017|0|250|444
C00401224|98199|2017|1|47|44
C00401224|98199|2017|1|49|45
C00401224|98199|2017|1|50|46
C00401224|98199|2017|1|51|47
C00401224|98199|2017|1|51|48
C00401224|98199|2017|1|52|49
C00401224|98199|2017|1|53|50
C00401224|98199|2017|1|54|51
C00401224|98199|2017|1|55|52
C00401224|98199|2017|1|56|53
C00401224|98199|2017|1|57|54
C00401224|98199|2017|1|58|55
C00401224|98199|2017|1|59|56
C00401224|98199|2017|1|61|57
C00401224|98199|2017|1|62|58
C00401224|98199|2017|1|64|59
C00401224|98199|2017|1|64|60
C00574624|75225|2017|250|250|1
C00574624|77568|2017|911|911|1
C00559906|60045|2017|250000|250000|1
C00401224|97403|2017|1|219|198
C00401224|97403|2017|1|220|199
C00401224|97403|2017|1|221|200
C00401224|97403|2017|1|222|201
C00401224|97403|2017|1|223|202
C00401224|97403|2017|1|224|203
C00436386|60045|2017|2700|2700|1
C00436386|81611|2017|2700|2700|1
C00630954|66215|2017|100|1200|3
C00349506|19041|2017|1000|1000|1
C00349506|98136|2017|250|250|1
C00443218|85253|2017|2700|2700|1
C00580621|19106|2017|1000|1000|1
C00470948|60045|2017|2700|2700|1
C00561597|60045|2017|2700|2700|1
C00620518|89135|2017|250|250|1
C00632026|46240|2017|1000|1000|1
C00632026|46928|2017|200|200|1
C00632026|46928|2017|158|358|2
C00521948|60045|2017|2700|2700|1
C00464149|91012|2017|1000|1000|1
C00500843|87501|2017|25|25|1
C00500843|98136|2017|50|180|3
C00365536|97403|2017|5|698|133
C00365536|97403|2017|5|703|134
C00365536|97403|2017|5|708|135
C00365536|97403|2017|5|713|136
C00365536|97403|2017|5|718|137
C00010603|98136|2017|50|1150|16
C00010603|98136|2017|50|1350|17
C00008664|65804|2017|2500|2500|1
C00448696|80203|2017|15|235|15
C00448696|80203|2017|15|250|16
C00448696|22314|2017|250|2000|4
C00448696|80203|2017|15|265|17
C00448696|80203|2017|15|270|18
C00448696|80203|2017|15|285|19
C00193433|98199|2017|35|295|8
C00193433|98199|2017|35|330|9
C00193433|98136|2017|75|351|4
C00193433|98136|2017|75|426|5
C00647362|60045|2017|250000|250000|1
C00631382|77057|2017|250|250|1
C00631382|40299|2017|500|500|1
C00386532|60045|2017|2700|2700|1
C00386532|60045|2017|2700|5400|2
C00540443|97403|2017|30|60|2
C00030718|85658|2017|9|9|1
C00030718|85653|2017|9|18|2
C00030718|86005|2017|29|278|4
C00629949|89169|2017|2700|2700|1
C00629949|89169|2017|2700|5400|2
C00000935|20878|2017|1000|1000|1
C00473827|75948|2017|5000|5000|1
C00473827|75948|2017|2300|7300|2
C00365536|97403|2017|5|723|138
C00365536|97403|2017|5|728|139
C00365536|97403|2017|5|733|140
C00365536|97403|2017|5|738|141
C00365536|97403|2017|5|743|142
C00365536|97403|2017|5|748|143
C00365536|97403|2017|5|753|144
C00365536|97403|2017|5|758|145
C00365536|97403|2017|5|763|146
C00365536|97403|2017|5|768|147
C00365536|97403|2017|5|773|148
C00365536|97403|2017|5|778|149
C00365536|97403|2017|5|783|150
C00365536|97403|2017|5|788|151
C00193433|98136|2017|75|501|6
C00193433|98136|2017|75|576|7
C00193433|34145|2017|500|500|1
C00193433|98199|2017|35|365|10
C00027466|32034|2017|250|250|1
C00027466|77024|2017|12|12|1
C00027466|65078|2017|15|15|1
C00027466|65078|2017|15|30|2
C00027466|90808|2017|25|25|1
C00027466|08753|2017|25|25|1
C00027466|63141|2017|50|50|1
C00027466|42103|2017|100|100|1
C00027466|92705|2017|25|25|1
C00027466|94086|2017|5|5|1
C00027466|33313|2017|25|25|1
C00027466|48315|2017|100|100|1
C00027466|48315|2017|100|200|2
C00027466|77024|2017|12|24|2
C00027466|32011|2017|25|25|1
C00027466|80116|2017|25|25|1
C00027466|92325|2017|100|100|1
C00027466|92325|2017|3|103|2
C00027466|91790|2017|25|25|1
C00540443|98136|2017|80|440|6
C00540443|97403|2017|30|85|3
C00470948|89169|2017|2700|2700|1
C00027466|20165|2017|50|50|1
C00000935|11733|2017|500|500|1
C00000935|87109|2017|200|200|1
C00462861|02467|2017|1000|1000|1
C00663054|85253|2017|2700|2700|1
C00663054|85253|2017|2700|5400|2
C00663054|85253|2017|2700|8100|3
C00663054|85253|2017|2700|10800|4
C00663054|85253|2017|2700|13500|5
C00663054|85253|2017|2700|16200|6
C00663914|83001|2017|2700|2700|1
C00326801|97128|2017|5|25|5
C00326801|97128|2017|5|35|6
C00326801|97128|2017|5|40|7
C00326801|97128|2017|5|50|8
C00629949|81611|2017|2700|2700|1
C00629949|81611|2017|2700|5400|2
C00432260|91012|2017|5000|5000|1
C00580100|46228|2017|500|5800|12
C00580100|46228|2017|500|6300|13
C00580100|46228|2017|500|6800|14
C00580100|21228|2017|5|5|1
C00580100|21228|2017|5|10|2
C00580100|21228|2017|5|15|3
C00099754|30757|2017|250|250|1
C00641431|85286|2017|500|1500|2
C00464339|60045|2017|2700|5400|2
C00564260|94920|2017|2500|2500|1
C00652982|40299|2017|250|250|1
C00652982|77057|2017|250|250|1
C00152892|98502|2017|50|50|1
C00152892|98502|2017|50|100|2
C00152892|98502|2017|50|150|3
C00152892|98502|2017|50|200|4
C00152892|98502|2017|50|250|5
C00646646|19106|2017|1000|1000|1
C00473918|11733|2017|15000|15000|1
C00390476|85253|2017|2700|2700|1
C00390476|85253|2017|2700|5400|2
C00030718|97223|2017|902|902|1
C00662353|76241|2017|10000|10000|1
C00418897|34145|2017|250|250|1
C00341396|98136|2017|40|200|5
C00341396|98136|2017|40|240|6
C00652735|89169|2017|5400|5400|1
C00652735|89169|2017|2700|8100|2
C00652735|89169|2017|2700|10800|3
C00652735|22314|2017|250|250|1
C00544767|10003|2017|25|50|2
C00544767|10003|2017|25|75|3
C00544767|10003|2017|25|175|4
C00544767|10003|2017|25|200|5
C00544767|10003|2017|25|300|6
C00073791|29302|2017|250|250|1
C00030718|47670|2017|9|38|3
C00030718|60614|2017|1000|1000|1
C00030718|85658|2017|9|18|2
C00030718|85653|2017|9|27|3
C00030718|37027|2017|7|37|2
C00486845|98199|2017|20|40|2
C00448696|22314|2017|250|2250|5
C00448696|22314|2017|250|2500|6
C00448696|80203|2017|15|300|20
C00448696|80203|2017|15|315|21
C00653998|81611|2017|5000|5000|1
C00608489|07094|2018|10|10|1
C00608489|76063|2018|500|500|1
C00608489|32040|2018|25|25|1
C00608489|77345|2018|50|50|1
C00608489|77057|2017|250|250|1
C00608489|60045|2017|100000|100000|1
C00640623|35902|2018|150|150|1
C00640623|35213|2018|300|300|1
C00640623|87111|2018|1183|1183|1
C00640623|35226|2018|500|500|1
